-1 4 7 13
10 12 11 9
1 -1 6 0
2 8 5 3
best: 9

13 7 1 0
10 8 2 12
9 3 4 -1
11 5 -1 6
best: 7

-1 13 1 -1
12 3 2 11
7 8 10 9
5 6 0 4
best: 6

-1 7 5 6
12 8 3 -1
11 13 2 1
4 9 10 0
best: 5

cu expo:

4 3 2 -1
6 5 10 -1
13 7 9 11
0 8 1 12
muchii ramase: 3

160
320
480
640
800
960
1120
1280
1440
1600
1760
1920
2080
2240
2400
2560
2720
2880
3040
3200
3360
3520
3680
3840
4000
4160
4320
4480
4640
4800
4960
5120
5280
5440
5600
5760
5920
6080
6240
6400
6560
6720
6880
7040
7200
7360
7520
7680
7840
8000
8160
8320
8480
8640
8800
8960
9120
9280
9440
9600
9760
9920
10080
10240
10400
10560
10720
10880
11040
11200
11360
11520
11680
11840
12000
12160
12320
12480
12640
12800
12960
13120
13280
13440
13600
13760
13920
14080
14240
14400
14560
14720
14880
15040
15200
15360
15520
15680
15840
16000
16160
16320
4 3 2 -1
6 5 10 -1
13 7 9 11
0 8 1 12
muchii ramase: 3

Process returned 0 (0x0)   execution time : 173.846 s
Press any key to continue.